{
    "2024-02-29_20-09-25-668335.jpg": {
        "rotation_vector": [
            [
                0.9967056142374233,
                0.07479669401184712,
                0.03135878046893417
            ],
            [
                -0.07553172070865978,
                0.9968793107214492,
                0.022947745473515642
            ],
            [
                -0.02954450396249203,
                -0.025240729395688187,
                0.9992447287152352
            ]
        ],
        "translation_vector": [
            [
                -0.3111998712539382
            ],
            [
                0.27334370563248894
            ],
            [
                2.1960565538075394
            ]
        ]
    },
    "2024-02-29_20-09-29-002509.jpg": {
        "rotation_vector": [
            [
                0.9969707010644931,
                0.07657027352286708,
                -0.013653367042837802
            ],
            [
                -0.07562013642448276,
                0.9953219018995242,
                0.060132408618453634
            ],
            [
                0.01819385022791338,
                -0.058917780098603365,
                0.9980970288514723
            ]
        ],
        "translation_vector": [
            [
                -0.24371686928249528
            ],
            [
                0.12207845274852448
            ],
            [
                1.2838572483091344
            ]
        ]
    },
    "2024-02-29_20-12-14-994076.jpg": {
        "rotation_vector": [
            [
                0.9650937905659381,
                -0.08738413619383635,
                -0.2468967155567813
            ],
            [
                0.12527041231604852,
                0.9818862709649474,
                0.142150183569059
            ],
            [
                0.23000282435056382,
                -0.16811711284758324,
                0.9585589899210986
            ]
        ],
        "translation_vector": [
            [
                -1.2495765570994637
            ],
            [
                -0.014586034358137354
            ],
            [
                2.491458134870862
            ]
        ]
    },
    "2024-02-29_20-12-18-323379.jpg": {
        "rotation_vector": [
            [
                -0.06992697051677137,
                -0.9972986948592054,
                -0.022484039371795078
            ],
            [
                0.9932695376491628,
                -0.07169535653547313,
                0.090969233422461
            ],
            [
                -0.09233549898368121,
                -0.01597150848784274,
                0.9955998526235619
            ]
        ],
        "translation_vector": [
            [
                0.039686390781806316
            ],
            [
                0.24158370951435812
            ],
            [
                1.7833746481274622
            ]
        ]
    },
    "2024-02-29_20-12-21-669134.jpg": {
        "rotation_vector": [
            [
                0.7016848907553884,
                0.647850091700249,
                0.29652752447214337
            ],
            [
                -0.6957736081429846,
                0.7126773728378569,
                0.08938707097015068
            ],
            [
                -0.15341903499009168,
                -0.2690375827443247,
                0.9508319403416146
            ]
        ],
        "translation_vector": [
            [
                0.030182156639211262
            ],
            [
                0.13671388614832156
            ],
            [
                1.0183545962063243
            ]
        ]
    },
    "2024-02-29_20-12-24-982023.jpg": {
        "rotation_vector": [
            [
                0.9985096147876664,
                -0.04690251563990875,
                -0.02790525404353322
            ],
            [
                0.04764284870266724,
                0.9985132579110306,
                0.026484575575124233
            ],
            [
                0.026621572907714736,
                -0.027774589151737656,
                0.9992596579735277
            ]
        ],
        "translation_vector": [
            [
                -0.2958380854564665
            ],
            [
                0.04371489102711383
            ],
            [
                1.548443778177265
            ]
        ]
    },
    "2024-02-29_20-12-28-317608.jpg": {
        "rotation_vector": [
            [
                0.9843535697268261,
                -0.12430640669792226,
                -0.12488381408295243
            ],
            [
                0.03216195326298361,
                0.8235885395089417,
                -0.5662751330862392
            ],
            [
                0.17324450504522312,
                0.553398441309134,
                0.8147002556942379
            ]
        ],
        "translation_vector": [
            [
                -0.2508395490587058
            ],
            [
                -0.44566167373134946
            ],
            [
                1.2214683854632538
            ]
        ]
    },
    "2024-02-29_20-12-31-636488.jpg": {
        "rotation_vector": [
            [
                0.8706275158830856,
                -0.4916160659820957,
                -0.017926858495991075
            ],
            [
                0.4911693764812087,
                0.8666387363155494,
                0.08769232762590086
            ],
            [
                -0.027574847131185066,
                -0.08515247727268653,
                0.9959862867630339
            ]
        ],
        "translation_vector": [
            [
                -0.07683446017509206
            ],
            [
                0.26694113582409795
            ],
            [
                2.038351308257635
            ]
        ]
    },
    "2024-02-29_20-12-34-999061.jpg": {
        "rotation_vector": [
            [
                0.8122434853811721,
                -0.14701338110830697,
                -0.5644887830869179
            ],
            [
                0.32168492382652036,
                0.9201558781234054,
                0.22323075446199253
            ],
            [
                0.4865997639113397,
                -0.3629052572367178,
                0.7946826058442328
            ]
        ],
        "translation_vector": [
            [
                -0.45463682531999483
            ],
            [
                0.09728107726825239
            ],
            [
                0.8833262149723486
            ]
        ]
    },
    "2024-02-29_20-12-38-314541.jpg": {
        "rotation_vector": [
            [
                0.14490070838125746,
                0.9591847798229522,
                0.24283398210836316
            ],
            [
                -0.9893578240393137,
                0.13717632159236204,
                0.0485154903776461
            ],
            [
                0.013224247532634362,
                -0.24727962906471676,
                0.9688539127891327
            ]
        ],
        "translation_vector": [
            [
                -0.004615274500490364
            ],
            [
                0.13307818230478552
            ],
            [
                0.9039134942472059
            ]
        ]
    },
    "2024-02-29_20-12-41-661230.jpg": {
        "rotation_vector": [
            [
                0.9802524217435459,
                0.07289801379351261,
                0.18382347306825159
            ],
            [
                -0.10028199534245134,
                0.9844290672714354,
                0.14437081741552954
            ],
            [
                -0.1704368242958368,
                -0.15995402807073178,
                0.9722993355072796
            ]
        ],
        "translation_vector": [
            [
                -0.4354055392246582
            ],
            [
                0.4116409850809618
            ],
            [
                2.2725337749925933
            ]
        ]
    },
    "2024-02-29_20-25-18-323784.jpg": {
        "rotation_vector": [
            [
                0.9971758595437484,
                0.06196269606450153,
                -0.04243735900836179
            ],
            [
                -0.055108922450760295,
                0.9875920922278175,
                0.14705395620451042
            ],
            [
                0.05102265976507367,
                -0.14429997805093456,
                0.9882176908581415
            ]
        ],
        "translation_vector": [
            [
                -0.23370742897045102
            ],
            [
                -0.07076374024521503
            ],
            [
                0.916070214864549
            ]
        ]
    },
    "2024-02-29_20-25-21-757879.jpg": {
        "rotation_vector": [
            [
                0.9134175879648267,
                -0.26330147333710874,
                -0.3103878930226271
            ],
            [
                0.338573795333603,
                0.9147716572548468,
                0.22036469816334137
            ],
            [
                0.22591169759425364,
                -0.3063741980352276,
                0.9247154998529837
            ]
        ],
        "translation_vector": [
            [
                -0.3663171175632186
            ],
            [
                -0.09028488437349705
            ],
            [
                1.1360345242906673
            ]
        ]
    },
    "2024-02-29_20-25-25-204789.jpg": {
        "rotation_vector": [
            [
                0.22826597250763073,
                -0.866969095679411,
                -0.4430115494340636
            ],
            [
                0.971944722815309,
                0.1764079159564575,
                0.15557539323225852
            ],
            [
                -0.0567283138002356,
                -0.46609530605309,
                0.8829139618834093
            ]
        ],
        "translation_vector": [
            [
                -0.2486410796199794
            ],
            [
                -0.13242938108085586
            ],
            [
                1.0202742727444645
            ]
        ]
    },
    "2024-02-29_20-25-28-617581.jpg": {
        "rotation_vector": [
            [
                0.2660822045797923,
                0.9300062802695975,
                0.2535519257766828
            ],
            [
                -0.957457684491798,
                0.22450599209898886,
                0.18130593459468852
            ],
            [
                0.1116917311781059,
                -0.29100752253293327,
                0.9501787089888313
            ]
        ],
        "translation_vector": [
            [
                -0.052449187421664205
            ],
            [
                0.1803135931954243
            ],
            [
                0.907479106878771
            ]
        ]
    },
    "2024-02-29_20-25-32-066097.jpg": {
        "rotation_vector": [
            [
                0.23469119563209306,
                0.9234565429195795,
                0.30355898278884413
            ],
            [
                -0.9666282754498673,
                0.18870942332585866,
                0.1732585658743533
            ],
            [
                0.10271231568606749,
                -0.33409095600905003,
                0.936927645722638
            ]
        ],
        "translation_vector": [
            [
                0.13308211704800485
            ],
            [
                0.2134887861324345
            ],
            [
                1.245618458325724
            ]
        ]
    },
    "2024-02-29_20-25-35-481569.jpg": {
        "rotation_vector": [
            [
                0.9733522400860036,
                0.1273196182968127,
                -0.19072265601210758
            ],
            [
                -0.07252160568111501,
                0.9599281880585172,
                0.27070000088682084
            ],
            [
                0.2175454743932672,
                -0.2496549390007052,
                0.9435816753220478
            ]
        ],
        "translation_vector": [
            [
                -0.3795934921914753
            ],
            [
                0.027262768457599177
            ],
            [
                1.300498508772284
            ]
        ]
    },
    "2024-02-29_20-25-38-930014.jpg": {
        "rotation_vector": [
            [
                0.9933325055401605,
                -0.035350977455132174,
                -0.10973076975157794
            ],
            [
                -0.05367033848634749,
                0.7005837605914562,
                -0.7115489365899538
            ],
            [
                0.10202954574077042,
                0.7126939755522702,
                0.6940153233232189
            ]
        ],
        "translation_vector": [
            [
                -0.27118523751022855
            ],
            [
                -0.21507872559481234
            ],
            [
                0.7721892158491951
            ]
        ]
    },
    "2024-02-29_20-25-42-341163.jpg": {
        "rotation_vector": [
            [
                0.9860187306100162,
                0.1309869300898644,
                -0.10300236420512561
            ],
            [
                -0.03305061958439197,
                0.7595843573675014,
                0.6495685187781869
            ],
            [
                0.1633239707798588,
                -0.6370824343742597,
                0.7532936030396561
            ]
        ],
        "translation_vector": [
            [
                -0.3033270273683813
            ],
            [
                0.14527282851061574
            ],
            [
                1.0532143712407942
            ]
        ]
    },
    "2024-02-29_20-25-45-794884.jpg": {
        "rotation_vector": [
            [
                0.6703740180936818,
                -0.45537605137459547,
                -0.5858594777755277
            ],
            [
                0.69636477805995,
                0.6587730911742269,
                0.2847702762267693
            ],
            [
                0.25627089523090363,
                -0.5988744995232604,
                0.7587322070917484
            ]
        ],
        "translation_vector": [
            [
                -0.48804733560583907
            ],
            [
                0.029540398445991066
            ],
            [
                1.3348581371099553
            ]
        ]
    },
    "2024-02-29_20-25-49-211431.jpg": {
        "rotation_vector": [
            [
                0.30087720886640623,
                0.949654912289431,
                0.0873410141303276
            ],
            [
                -0.9483525918714136,
                0.28829286681593935,
                0.13234267805140934
            ],
            [
                0.10050008296281593,
                -0.12264897271318739,
                0.9873484505567763
            ]
        ],
        "translation_vector": [
            [
                -0.1306517937190322
            ],
            [
                0.1240903886476466
            ],
            [
                1.403899906607131
            ]
        ]
    },
    "2024-02-29_20-25-52-646672.jpg": {
        "rotation_vector": [
            [
                0.07041064730579039,
                0.9486442392823952,
                -0.3084095459325235
            ],
            [
                -0.9605553176599199,
                0.14786368318699675,
                0.2355203025423202
            ],
            [
                0.2690275496324311,
                0.27966129240690635,
                0.9216364462563689
            ]
        ],
        "translation_vector": [
            [
                -0.38808208911900627
            ],
            [
                0.33317354396324195
            ],
            [
                1.0553400708538667
            ]
        ]
    },
    "2024-02-29_20-25-56-063077.jpg": {
        "rotation_vector": [
            [
                0.4551312371448093,
                -0.7706276319015305,
                -0.4460813938339893
            ],
            [
                0.8883265011855793,
                0.42733931435908695,
                0.16809859515918732
            ],
            [
                0.061086694675864195,
                -0.4727728454056396,
                0.879064418788881
            ]
        ],
        "translation_vector": [
            [
                -0.4802675032406866
            ],
            [
                -0.027954858266859367
            ],
            [
                1.071124065488383
            ]
        ]
    },
    "2024-02-29_20-25-59-518017.jpg": {
        "rotation_vector": [
            [
                0.9413152750987808,
                0.13287253532109267,
                -0.31027478502619543
            ],
            [
                -0.21729465844689633,
                0.9419827443324182,
                -0.25583498742434085
            ],
            [
                0.25828005009321464,
                0.3082424350041878,
                0.9155752382991447
            ]
        ],
        "translation_vector": [
            [
                -0.4198435324094011
            ],
            [
                -0.1992296504734809
            ],
            [
                0.6286414003538707
            ]
        ]
    },
    "2024-02-29_20-26-02-942714.jpg": {
        "rotation_vector": [
            [
                0.7700033853399236,
                0.12386412365842568,
                -0.6259013224425934
            ],
            [
                -0.03128202254503641,
                0.9871245048270944,
                0.15686505995713512
            ],
            [
                0.6372724861709854,
                -0.10120716792892681,
                0.7639639307776624
            ]
        ],
        "translation_vector": [
            [
                -0.49457062814613995
            ],
            [
                -0.03576921835762536
            ],
            [
                0.6557919702912546
            ]
        ]
    },
    "2024-02-29_20-26-06-391371.jpg": {
        "rotation_vector": [
            [
                0.997142179618366,
                0.07548356683424222,
                0.0031152470070201378
            ],
            [
                -0.0737174267792129,
                0.9631335866518694,
                0.25872656464336474
            ],
            [
                0.016529204910873514,
                -0.258216818586796,
                0.9659455781688366
            ]
        ],
        "translation_vector": [
            [
                -0.29810620135777893
            ],
            [
                0.06502630190424123
            ],
            [
                0.7946309381059276
            ]
        ]
    },
    "2024-02-29_20-26-09-808807.jpg": {
        "rotation_vector": [
            [
                0.1956365495058622,
                -0.8205686728425672,
                0.5370227124124533
            ],
            [
                0.9303973815282431,
                0.3283943715949188,
                0.16284301996145642
            ],
            [
                -0.3099791169463343,
                0.46778647891336766,
                0.8277008863128059
            ]
        ],
        "translation_vector": [
            [
                0.21868303135071562
            ],
            [
                -0.1484158203938201
            ],
            [
                0.6545421888663565
            ]
        ]
    },
    "2024-02-29_20-26-13-251459.jpg": {
        "rotation_vector": [
            [
                0.989124636509392,
                -0.11541043874383111,
                0.09117501894225019
            ],
            [
                0.07249982641829841,
                0.9219423206315301,
                0.38048144842799564
            ],
            [
                -0.12796963944420517,
                -0.36973340132790994,
                0.920283099553075
            ]
        ],
        "translation_vector": [
            [
                -0.19843527962593052
            ],
            [
                0.012722529516422118
            ],
            [
                0.8272256912516489
            ]
        ]
    },
    "2024-02-29_20-26-16-670100.jpg": {
        "rotation_vector": [
            [
                0.7643872197334081,
                -0.5533523846894532,
                -0.3309279629567826
            ],
            [
                0.644273052360596,
                0.6754216828952971,
                0.35877260803584954
            ],
            [
                0.024988243439490798,
                -0.48744916517866743,
                0.8727937322508845
            ]
        ],
        "translation_vector": [
            [
                -0.36495934728773183
            ],
            [
                0.018874894588375914
            ],
            [
                0.9245122429270028
            ]
        ]
    },
    "2024-02-29_20-26-20-117559.jpg": {
        "rotation_vector": [
            [
                0.9839982302419858,
                0.17546256936620805,
                0.030989831107130616
            ],
            [
                -0.17795189077899756,
                0.9765338033993524,
                0.12130480364179584
            ],
            [
                -0.008978165114296967,
                -0.12487841114381439,
                0.9921314302960959
            ]
        ],
        "translation_vector": [
            [
                -0.26703314338354034
            ],
            [
                -0.11603264610777408
            ],
            [
                1.2694821020899223
            ]
        ]
    },
    "2024-02-29_20-26-23-535464.jpg": {
        "rotation_vector": [
            [
                0.6867931919195305,
                -0.44104808161432185,
                -0.577747091067804
            ],
            [
                0.6184594278215203,
                0.7721903850858043,
                0.14570499414815852
            ],
            [
                0.3818678405831795,
                -0.4573823333769722,
                0.8031054435396237
            ]
        ],
        "translation_vector": [
            [
                -0.540394978902663
            ],
            [
                -0.07394870170843117
            ],
            [
                1.0344513140982345
            ]
        ]
    }
}