{
<<<<<<< HEAD
    "2024-02-29_20-09-25-668335.jpg": {
        "rotation_vector": [
            [
                0.9967056741095384,
                0.07479699609517153,
                0.031356156859373936
            ],
            [
                -0.07553138648683873,
                0.9968797797245861,
                0.022928463350967564
            ],
            [
                -0.029543338559251658,
                -0.02522130352300927,
                0.9992452536766806
=======
    "0.jpg": {
        "rotation_vector": [
            [
                -0.5533647893718099
            ],
            [
                1.4464385309886068
            ],
            [
                2.1888584757640945
>>>>>>> 9dfcac06528ab429d1d7fcb73906a4488a12500a
            ]
        ],
        "translation_vector": [
            [
<<<<<<< HEAD
                -0.3111797894270576
            ],
            [
                0.27334823901239147
            ],
            [
                2.1961010803195378
            ]
        ]
    },
    "2024-02-29_20-09-29-002509.jpg": {
        "rotation_vector": [
            [
                0.9969710536168853,
                0.07657172210471226,
                -0.013619457550002493
            ],
            [
                -0.0756242331919,
                0.9953237556525122,
                0.060096562197146874
            ],
            [
                0.018157466898626882,
                -0.05888457189873364,
                0.9980996511311524
=======
                0.306655933009151
            ],
            [
                0.2230200366576905
            ],
            [
                0.6272970260348412
            ]
        ]
    },
    "1.jpg": {
        "rotation_vector": [
            [
                -1.0073174481614597
            ],
            [
                0.2826667659329353
            ],
            [
                0.12106183899617805
>>>>>>> 9dfcac06528ab429d1d7fcb73906a4488a12500a
            ]
        ],
        "translation_vector": [
            [
<<<<<<< HEAD
                -0.243705635957439
            ],
            [
                0.12208166087859129
            ],
            [
                1.2838878985100841
            ]
        ]
    },
    "2024-02-29_20-12-14-994076.jpg": {
        "rotation_vector": [
            [
                0.965114444654758,
                -0.08743230265555611,
                -0.2467989083668832
            ],
            [
                0.12528464079307106,
                0.9818949099548057,
                0.14207795249860258
            ],
            [
                0.22990838936430555,
                -0.16804159680624095,
                0.9585948853622783
=======
                0.040775400290008146
            ],
            [
                0.08386320920114988
            ],
            [
                1.0607236293717868
            ]
        ]
    },
    "2.jpg": {
        "rotation_vector": [
            [
                -0.8080327904028076
            ],
            [
                0.49801586077237076
            ],
            [
                0.051257020812389864
>>>>>>> 9dfcac06528ab429d1d7fcb73906a4488a12500a
            ]
        ],
        "translation_vector": [
            [
<<<<<<< HEAD
                -1.2495369899457964
            ],
            [
                -0.014587110776678304
            ],
            [
                2.49149593450631
            ]
        ]
    },
    "2024-02-29_20-12-18-323379.jpg": {
        "rotation_vector": [
            [
                -0.06992327589011645,
                -0.9972992169122445,
                -0.022472370480621992
            ],
            [
                0.9932661554458229,
                -0.0716912427790281,
                0.09100939596916816
            ],
            [
                -0.09237467149965435,
                -0.01595736992809659,
                0.9955964455592986
=======
                0.05267590947337545
            ],
            [
                0.03996992953928767
            ],
            [
                0.9544147264789838
            ]
        ]
    },
    "3.jpg": {
        "rotation_vector": [
            [
                -1.1163234044694523
            ],
            [
                0.4114841630568352
            ],
            [
                0.38735607137101574
>>>>>>> 9dfcac06528ab429d1d7fcb73906a4488a12500a
            ]
        ],
        "translation_vector": [
            [
<<<<<<< HEAD
                0.03970176161162278
            ],
            [
                0.24158947251009177
            ],
            [
                1.7834281005681731
            ]
        ]
    },
    "2024-02-29_20-12-21-669134.jpg": {
        "rotation_vector": [
            [
                0.7016857488728416,
                0.6478437149115259,
                0.296539425504254
            ],
            [
                -0.6957736513609161,
                0.7126749209380574,
                0.08940628131083482
            ],
            [
                -0.15341491420542497,
                -0.26905943231109225,
                0.9508264226365267
=======
                -0.035851136935669
            ],
            [
                0.18921879880056333
            ],
            [
                0.9322688605438556
            ]
        ]
    },
    "4.jpg": {
        "rotation_vector": [
            [
                -1.015974704031757
            ],
            [
                0.405193012471561
            ],
            [
                0.7050740783481197
>>>>>>> 9dfcac06528ab429d1d7fcb73906a4488a12500a
            ]
        ],
        "translation_vector": [
            [
<<<<<<< HEAD
                0.030191715697829913
            ],
            [
                0.13671618801516
            ],
            [
                1.018374194525107
            ]
        ]
    },
    "2024-02-29_20-12-24-982023.jpg": {
        "rotation_vector": [
            [
                0.9985096432044369,
                -0.04690276538591097,
                -0.027903817425263943
            ],
            [
                0.0476426096914364,
                0.9985137160415269,
                0.02646772787245529
            ],
            [
                0.02662093479834474,
                -0.027757692196850373,
                0.9992601444840914
=======
                -0.053974349243904915
            ],
            [
                0.043579641321693466
            ],
            [
                0.8912963793610059
            ]
        ]
    },
    "5.jpg": {
        "rotation_vector": [
            [
                -0.9195926806489524
            ],
            [
                0.6131460753542282
            ],
            [
                1.0505208740910121
>>>>>>> 9dfcac06528ab429d1d7fcb73906a4488a12500a
            ]
        ],
        "translation_vector": [
            [
<<<<<<< HEAD
                -0.295824068172085
            ],
            [
                0.04371840269724063
            ],
            [
                1.548479602192876
            ]
        ]
    },
    "2024-02-29_20-12-28-317608.jpg": {
        "rotation_vector": [
            [
                0.9833199896260367,
                -0.1260012989815346,
                -0.13116962551146097
            ],
            [
                0.029833689384000044,
                0.8231388746041595,
                -0.5670558562374054
            ],
            [
                0.17942059240675243,
                0.5536840848086243,
                0.8131679932523452
=======
                0.07470092814021291
            ],
            [
                0.055528583340184505
            ],
            [
                0.9108576807420083
            ]
        ]
    },
    "6.jpg": {
        "rotation_vector": [
            [
                -0.8517139685847948
            ],
            [
                0.7784700706054157
            ],
            [
                1.3589511352902854
>>>>>>> 9dfcac06528ab429d1d7fcb73906a4488a12500a
            ]
        ],
        "translation_vector": [
            [
<<<<<<< HEAD
                -0.25052246799326655
            ],
            [
                -0.44539698092402435
            ],
            [
                1.2210201494334658
            ]
        ]
    },
    "2024-02-29_20-12-31-636488.jpg": {
        "rotation_vector": [
            [
                0.8706287682083506,
                -0.4916158251223507,
                -0.017872561575792954
            ],
            [
                0.4911636341986102,
                0.8666387716929768,
                0.08772413487349014
            ],
            [
                -0.027637518137922926,
                -0.08515350778305485,
                0.9959844615772965
=======
                0.13844027834396735
            ],
            [
                0.08148451244217826
            ],
            [
                0.8997599417815597
            ]
        ]
    },
    "7.jpg": {
        "rotation_vector": [
            [
                -0.7799137022141021
            ],
            [
                1.0043206074019468
            ],
            [
                1.7112567851406062
>>>>>>> 9dfcac06528ab429d1d7fcb73906a4488a12500a
            ]
        ],
        "translation_vector": [
            [
<<<<<<< HEAD
                -0.07681602150776476
            ],
            [
                0.26694867181297083
            ],
            [
                2.038416712684511
            ]
        ]
    },
    "2024-02-29_20-12-34-999061.jpg": {
        "rotation_vector": [
            [
                0.8122459588440374,
                -0.14701520087434455,
                -0.564484750062751
            ],
            [
                0.32168843554870824,
                0.9201532491754012,
                0.22323653031297674
            ],
            [
                0.48659331353375057,
                -0.36291118575186976,
                0.7946838481310772
            ]
        ],
        "translation_vector": [
            [
                -0.4546293975701097
            ],
            [
                0.09728432945525188
            ],
            [
                0.8833566367564923
            ]
        ]
    },
    "2024-02-29_20-12-38-314541.jpg": {
        "rotation_vector": [
            [
                0.14490251954346095,
                0.9591765995873589,
                0.24286521083512258
            ],
            [
                -0.9893576549461072,
                0.1371782923821666,
                0.04851336618554494
            ],
            [
                0.013217050710990372,
                -0.24731026445164875,
                0.968846191439776
            ]
        ],
        "translation_vector": [
            [
                -0.004606699292342138
            ],
            [
                0.1330798570484307
            ],
            [
                0.9039335896974943
            ]
        ]
    },
    "2024-02-29_20-12-41-661230.jpg": {
        "rotation_vector": [
            [
                0.9802458451957679,
                0.07289430909880762,
                0.18386000836898253
            ],
            [
                -0.10028416437928708,
                0.9844289689714071,
                0.14436998103705798
            ],
            [
                -0.17047336845144745,
                -0.15995632138462,
                0.9722925516005546
            ]
        ],
        "translation_vector": [
            [
                -0.43538291857284367
            ],
            [
                0.4116456383198291
            ],
            [
                2.2725873620300465
            ]
        ]
    },
    "2024-02-29_20-25-18-323784.jpg": {
        "rotation_vector": [
            [
                0.9971763916168531,
                0.06195988262428254,
                -0.04242896354116564
            ],
            [
                -0.05510766057029586,
                0.9875930579293556,
                0.1470479434613541
            ],
            [
                0.05101362316540055,
                -0.1442945767342961,
                0.9882189460724828
            ]
        ],
        "translation_vector": [
            [
                -0.2336989412386791
            ],
            [
                -0.07076225003331496
            ],
            [
                0.9160916046379789
            ]
        ]
    },
    "2024-02-29_20-25-21-757879.jpg": {
        "rotation_vector": [
            [
                0.9134183838751426,
                -0.2632982415600505,
                -0.3103882922893643
            ],
            [
                0.3385751305551276,
                0.9147667854648655,
                0.22038286952450536
            ],
            [
                0.22590647836771055,
                -0.30639152109949475,
                0.9247110353131064
            ]
        ],
        "translation_vector": [
            [
                -0.36630690440308616
            ],
            [
                -0.0902823901987919
            ],
            [
                1.1360614401884512
            ]
        ]
    },
    "2024-02-29_20-25-25-204789.jpg": {
        "rotation_vector": [
            [
                0.22827722311027993,
                -0.8669570949337412,
                -0.4430292371312613
            ],
            [
                0.9719404550857665,
                0.17640110195981482,
                0.1556097779544587
            ],
            [
                -0.056756155408311415,
                -0.46612020635390916,
                0.8828990270987145
            ]
        ],
        "translation_vector": [
            [
                -0.24863514533218706
            ],
            [
                -0.13242642317018197
            ],
            [
                1.020304952252087
            ]
        ]
    },
    "2024-02-29_20-25-28-617581.jpg": {
        "rotation_vector": [
            [
                0.2660844881490718,
                0.9300039944943747,
                0.2535579132879781
            ],
            [
                -0.9574563832791719,
                0.22450522183083294,
                0.181313759788539
            ],
            [
                0.11169744529045418,
                -0.2910154215762385,
                0.9501756180414179
            ]
        ],
        "translation_vector": [
            [
                -0.05244119258748596
            ],
            [
                0.18031526265901726
            ],
            [
                0.9074954315387935
            ]
        ]
    },
    "2024-02-29_20-25-32-066097.jpg": {
        "rotation_vector": [
            [
                0.23469402971457465,
                0.9234509662465535,
                0.30357375603737713
            ],
            [
                -0.9666273617479291,
                0.18870852988918024,
                0.17326463651681118
            ],
            [
                0.10271443879305707,
                -0.3341068746454808,
                0.9369217365276867
            ]
        ],
        "translation_vector": [
            [
                0.13309323161314524
            ],
            [
                0.21349112158625294
            ],
            [
                1.245640312787427
            ]
        ]
    },
    "2024-02-29_20-25-35-481569.jpg": {
        "rotation_vector": [
            [
                0.9733560763904641,
                0.12732051516328755,
                -0.19070247762500678
            ],
            [
                -0.07252079798132946,
                0.9599197379373776,
                0.2707301803980994
            ],
            [
                0.2175285783843409,
                -0.2496869702983944,
                0.943577095127524
            ]
        ],
        "translation_vector": [
            [
                -0.37958214987198
            ],
            [
                0.0272660974951676
            ],
            [
                1.3005333310467724
            ]
        ]
    },
    "2024-02-29_20-25-38-930014.jpg": {
        "rotation_vector": [
            [
                0.9933344229841794,
                -0.03533905066592266,
                -0.10971725303122967
            ],
            [
                -0.053667744923247315,
                0.7005923590637456,
                -0.7115406661437904
            ],
            [
                0.10201224078286286,
                0.7126861145830801,
                0.6940259395807422
            ]
        ],
        "translation_vector": [
            [
                -0.2711789561653495
            ],
            [
                -0.21507864356708895
            ],
            [
                0.7722126789243786
            ]
        ]
    },
    "2024-02-29_20-25-42-341163.jpg": {
        "rotation_vector": [
            [
                0.9860193074796397,
                0.13098353461052614,
                -0.10300115988815278
            ],
            [
                -0.033049075515109064,
                0.7595855566769422,
                0.6495671949039427
            ],
            [
                0.1633208005275762,
                -0.6370817025693903,
                0.7532949092927143
            ]
        ],
        "translation_vector": [
            [
                -0.303317405824647
            ],
            [
                0.14527448369970447
            ],
            [
                1.0532372266795493
            ]
        ]
    },
    "2024-02-29_20-25-45-794884.jpg": {
        "rotation_vector": [
            [
                0.6703736532178826,
                -0.45537187951588914,
                -0.5858631379575581
            ],
            [
                0.696365245780344,
                0.6587703847878155,
                0.2847753932414011
            ],
            [
                0.2562705787650844,
                -0.5988806487712557,
                0.7587274602824974
            ]
        ],
        "translation_vector": [
            [
                -0.4880347600881484
            ],
            [
                0.029542668608725998
            ],
            [
                1.3348888962850762
            ]
        ]
    },
    "2024-02-29_20-25-49-211431.jpg": {
        "rotation_vector": [
            [
                0.3008770023161486,
                0.949653459466659,
                0.08735752057066881
            ],
            [
                -0.9483528643748658,
                0.28829061626193614,
                0.13234562783598244
            ],
            [
                0.1004981298792948,
                -0.12266551063081908,
                0.9873465948654732
            ]
        ],
        "translation_vector": [
            [
                -0.13063872788287526
            ],
            [
                0.12409352907177967
            ],
            [
                1.40393123747263
            ]
        ]
    },
    "2024-02-29_20-25-52-646672.jpg": {
        "rotation_vector": [
            [
                0.07040217742130003,
                0.9486362419394928,
                -0.3084360774832537
            ],
            [
                -0.9605469917325625,
                0.14787172163868195,
                0.2355492105975662
            ],
            [
                0.26905949172602,
                0.2796841690523939,
                0.9216201796258628
            ]
        ],
        "translation_vector": [
            [
                -0.38806808847869556
            ],
            [
                0.3331727698449714
            ],
            [
                1.0553547966778047
            ]
        ]
    },
    "2024-02-29_20-25-56-063077.jpg": {
        "rotation_vector": [
            [
                0.45515005869070324,
                -0.7706121837532961,
                -0.44608887715882994
            ],
            [
                0.8883206611195426,
                0.427323782176276,
                0.1681689276135797
            ],
            [
                0.06103136162652881,
                -0.4728120635490797,
                0.8790471690759676
            ]
        ],
        "translation_vector": [
            [
                -0.48026196661193815
            ],
            [
                -0.027950757853187607
            ],
            [
                1.0711670255012515
            ]
        ]
    },
    "2024-02-29_20-25-59-518017.jpg": {
        "rotation_vector": [
            [
                0.9413174482042693,
                0.1328799957718049,
                -0.31026499710713085
            ],
            [
                -0.21729387209901233,
                0.9419876957685173,
                -0.25581742350539255
            ],
            [
                0.2582727915488213,
                0.3082240868984843,
                0.9155834628263961
            ]
        ],
        "translation_vector": [
            [
                -0.4198380019181489
            ],
            [
                -0.19922936240776412
            ],
            [
                0.6286628337207121
            ]
        ]
    },
    "2024-02-29_20-26-02-942714.jpg": {
        "rotation_vector": [
            [
                0.7699937576237091,
                0.12386554861285529,
                -0.6259128845832759
            ],
            [
                -0.03127590079544288,
                0.9871235586755018,
                0.15687223443696663
            ],
            [
                0.6372844194313513,
                -0.10121465197613133,
                0.7639529847938263
            ]
        ],
        "translation_vector": [
            [
                -0.4945598735530671
            ],
            [
                -0.03576923804596906
            ],
            [
                0.6558070597665263
            ]
        ]
    },
    "2024-02-29_20-26-06-391371.jpg": {
        "rotation_vector": [
            [
                0.9971424254175457,
                0.07547949658159019,
                0.003135128100096373
            ],
            [
                -0.07371911999332616,
                0.9631411787728535,
                0.25869781811883846
            ],
            [
                0.016506810104435013,
                -0.2581896886938511,
                0.9659532130866113
            ]
        ],
        "translation_vector": [
            [
                -0.2980986456533731
            ],
            [
                0.06502764078139377
            ],
            [
                0.7946505018230104
            ]
        ]
    },
    "2024-02-29_20-26-09-808807.jpg": {
        "rotation_vector": [
            [
                0.1956389151757264,
                -0.820572979413363,
                0.5370152701046231
            ],
            [
                0.9303976186415496,
                0.3283937904154231,
                0.16284283724722048
            ],
            [
                -0.3099769121966965,
                0.4677793324563063,
                0.8277057508751126
            ]
        ],
        "translation_vector": [
            [
                0.21868956205968965
            ],
            [
                -0.14841433043788693
            ],
            [
                0.6545556227407586
            ]
        ]
    },
    "2024-02-29_20-26-13-251459.jpg": {
        "rotation_vector": [
            [
                0.9891232521322544,
                -0.11541320682755174,
                0.09118653289325915
            ],
            [
                0.07249902891444601,
                0.9219451552904487,
                0.3804747316746968
            ],
            [
                -0.12798079112810248,
                -0.36972546886338653,
                0.9202847357073646
            ]
        ],
        "translation_vector": [
            [
                -0.19842779568574428
            ],
            [
                0.012724177380446153
            ],
            [
                0.8272441682177224
            ]
        ]
    },
    "2024-02-29_20-26-16-670100.jpg": {
        "rotation_vector": [
            [
                0.7643816653328892,
                -0.5533762290124412,
                -0.33090092001517457
            ],
            [
                0.6442793904517762,
                0.6754413599993763,
                0.3587241785010883
            ],
            [
                0.024994734285576276,
                -0.4873948280051431,
                0.8728238911096731
            ]
        ],
        "translation_vector": [
            [
                -0.3649480218509311
            ],
            [
                0.018874262098424903
            ],
            [
                0.9245303781612368
            ]
        ]
    },
    "2024-02-29_20-26-20-117559.jpg": {
        "rotation_vector": [
            [
                0.9839980644043869,
                0.17546123819668416,
                0.03100263116102338
            ],
            [
                -0.17795210523177699,
                0.9765346332457513,
                0.12129780836917285
            ],
            [
                -0.008992079403484041,
                -0.12487379213458873,
                0.9921318856613414
            ]
        ],
        "translation_vector": [
            [
                -0.2670216062309227
            ],
            [
                -0.11603014491302126
            ],
            [
                1.269511645981616
            ]
        ]
    },
    "2024-02-29_20-26-23-535464.jpg": {
        "rotation_vector": [
            [
                0.6867975891073671,
                -0.44104118632414974,
                -0.5777471276969663
            ],
            [
                0.61846386294796,
                0.7721820051573839,
                0.1457305772259519
            ],
            [
                0.3818527488755256,
                -0.4574031295005629,
                0.8031007753073683
            ]
        ],
        "translation_vector": [
            [
                -0.540386974330428
            ],
            [
                -0.0739466565547513
            ],
            [
                1.034487101850088
=======
                0.24895928492315456
            ],
            [
                0.1639512950698133
            ],
            [
                0.8405144668570818
>>>>>>> 9dfcac06528ab429d1d7fcb73906a4488a12500a
            ]
        ]
    }
}